1	[283871, 100000000000.0]
10	[349605, 20000000000.0]
12	[363411, 28000000000.0]
14	[332169, 25000000000.0]
16	[408297, 4000000000.0]
18	[470449, 4000000000.0]
21	[462902, 20000000000.0]
23	[468168, 4000000000.0]
25	[460419, 4000000000.0]
27	[486147, 20000000000.0]
29	[494176, 20000000000.0]
3	[327906, 28135808892.0]
30	[532626, 20000000000.0]
5	[314808, 31000000000.0]
7	[291091, 21000000000.0]
9	[328172, 30000000000.0]
11	[344305, 10000001000.0]
13	[379136, 27000669578.0]
15	[328921, 21000000000.0]
17	[505611, 20000000000.0]
19	[462184, 1.0]
2	[306095, 61000000000.0]
20	[546837, 20000000000.0]
22	[435493, 78000000000.0]
24	[492288, 150000000.0]
26	[466406, 4000000000.0]
28	[484554, 5000000000.0]
31	[519906, 4000000000.0]
4	[307399, 23522774481.0]
6	[319882, 16000000000.0]
8	[296829, 5500000000.0]
