1	[498856, 99200000000.0]
10	[381151, 6000000000.0]
12	[438111, 61000000000.0]
14	[474782, 12000000000.0]
16	[454309, 13750000000.0]
18	[512455, 60000000000.0]
21	[544817, 14000000000.0]
23	[476225, 10000000000.0]
25	[573756, 50000000000.0]
27	[539516, 10000000000.0]
3	[424378, 7000000000.0]
5	[414815, 4000000000.0]
7	[428676, 58855000000.0]
9	[417129, 1000000000.0]
11	[429007, 4000000000.0]
13	[491354, 1000000000.0]
15	[468599, 19000000000.0]
17	[447945, 19841269841.0]
19	[533602, 25000000000.0]
2	[450314, 1000000000.0]
20	[530268, 5000000000.0]
22	[530839, 10000000000.0]
24	[540201, 8000000000.0]
26	[553925, 10000000000.0]
28	[541458, 20000000000.0]
4	[416394, 5000000000.0]
6	[429065, 1000000000.0]
8	[471952, 51000000000.0]
