1	[547622, 50000000000.0]
10	[484038, 7500000000.0]
12	[564306, 563000000.0]
14	[573828, 2000000000.0]
16	[504183, 55000000000.0]
18	[573940, 50005000000.0]
21	[618318, 2000000000.0]
23	[561778, 40000000000.0]
25	[648670, 1100000000.0]
27	[625948, 41000000000.0]
29	[640352, 10000000000.0]
3	[492382, 5000000000.0]
30	[667967, 10000000000.0]
5	[598085, 28571428571.0]
7	[572685, 3100000000.0]
9	[555854, 7500000000.0]
11	[536412, 22000000000.0]
13	[573281, 40000000000.0]
15	[553012, 4100000000.0]
17	[494872, 1000000000.0]
19	[635940, 6000000000.0]
2	[526912, 12000000000.0]
20	[630313, 3000000000.0]
22	[628700, 3000000000.0]
24	[549073, 30000000000.0]
26	[629010, 2000000000.0]
28	[634367, 7000000000.0]
31	[646230, 1660000000.0]
4	[620211, 20000000000.0]
6	[578932, 20000000000.0]
8	[562361, 7000000000.0]
